taubateWeather <-
structure(list(Month = c("Jan", "Feb", "Mar", "Apr", "May", "Jun", 
"Jul", "Aug", "Sep", "Oct", "Nov", "Dec"), Maximum.Absolute.Temperature = c(36.7, 
40.1, 36.2, 34.2, 32.6, 31, 32.1, 35.6, 37.8, 38, 37.4, 37.5), 
    Maximum.Average.Temperature = c(30.2, 30.5, 29.9, 27.8, 25.4, 
    24.6, 24.4, 26.4, 27.6, 27.5, 28.7, 29.1), Average.Temperature = c(23.3, 
    23.5, 22.9, 20.8, 18.1, 16.7, 16.4, 18.2, 20, 20.7, 21.7, 
    22.7), Minimum.Average.Temperature = c(17.7, 17.8, 17.8, 
    16.1, 14.2, 12.9, 12.6, 14, 15.7, 16.4, 16.9, 17.1), Minimum.Absolute.Temperature = c(10.9, 
    12.6, 11.6, 5.4, 4.2, 1.1, 0.9, 2.6, 3.8, 7.8, 8.6, 11), 
    Rainfall..mm. = c(233.5, 192.1, 173.5, 67.1, 40.9, 29.3, 
    31.1, 41.7, 64, 132.8, 146.2, 244.6), Days.with.Rainfall....1mm = c(17L, 
    14L, 12L, 7L, 4L, 4L, 4L, 4L, 6L, 11L, 12L, 16L), Relative.Humidity = c(76.8, 
    76.7, 76.8, 75.9, 76.2, 75.7, 72.5, 69.1, 69.2, 74, 73.8, 
    76.8), Sunshine.Hours = c(170, 168.2, 179.5, 177.3, 176.1, 
    175.6, 188.9, 186.2, 158.8, 148.8, 161.5, 155)), .Names = c("Month", 
"Maximum.Absolute.Temperature", "Maximum.Average.Temperature", 
"Average.Temperature", "Minimum.Average.Temperature", "Minimum.Absolute.Temperature", 
"Rainfall..mm.", "Days.with.Rainfall....1mm", "Relative.Humidity", 
"Sunshine.Hours"), row.names = c(NA, 12L), class = "data.frame")
l <-
c(FALSE, FALSE, TRUE, FALSE)
n <-
c(12.333, 12.389, 12.918, 13, 14.021)
cc <-
c("programming", "r", "python")
v <-
6.28318530717959
